Nozzle diameter = 12.75 cm

Time (min)    Oil height (m)
      0         12.000000
      1         11.976064
      2         11.952152
      3         11.928264
      4         11.904399
      5         11.880559
      6         11.856743
      7         11.832950
      8         11.809181
      9         11.785436
     10         11.761715
     11         11.738018
     12         11.714345
     13         11.690696
     14         11.667071
     15         11.643469
     16         11.619892
     17         11.596338
     18         11.572808
     19         11.549302
     20         11.525820
     21         11.502362
     22         11.478928
     23         11.455518
     24         11.432131
     25         11.408769
     26         11.385430
     27         11.362115
     28         11.338825
     29         11.315558
     30         11.292315
     31         11.269095
     32         11.245900
     33         11.222729
     34         11.199581
     35         11.176458
     36         11.153358
     37         11.130282
     38         11.107230
     39         11.084202
     40         11.061198
     41         11.038218
     42         11.015262
     43         10.992329
     44         10.969421
     45         10.946536
     46         10.923675
     47         10.900839
     48         10.878026
     49         10.855237
     50         10.832471
     51         10.809730
     52         10.787013
     53         10.764319
     54         10.741650
     55         10.719004
     56         10.696382
     57         10.673784
     58         10.651210
     59         10.628660
     60         10.606134
     61         10.583632
     62         10.561153
     63         10.538699
     64         10.516268
     65         10.493861
     66         10.471478
     67         10.449119
     68         10.426784
     69         10.404473
     70         10.382186
     71         10.359922
     72         10.337683
     73         10.315467
     74         10.293276
     75         10.271108
     76         10.248964
     77         10.226844
     78         10.204748
     79         10.182675
     80         10.160627
     81         10.138603
     82         10.116602
     83         10.094625
     84         10.072673
     85         10.050744
     86         10.028839
     87         10.006958
     88          9.985101
     89          9.963267
     90          9.941458
     91          9.919672
     92          9.897911
     93          9.876173
     94          9.854459
     95          9.832769
     96          9.811103
     97          9.789461
     98          9.767843
     99          9.746248
    100          9.724678
    101          9.703131
    102          9.681609
    103          9.660110
    104          9.638635
    105          9.617184
    106          9.595757
    107          9.574354
    108          9.552974
    109          9.531619
    110          9.510288
    111          9.488980
    112          9.467696
    113          9.446436
    114          9.425200
    115          9.403988
    116          9.382800
    117          9.361636
    118          9.340496
    119          9.319379
    120          9.298287
    121          9.277218
    122          9.256173
    123          9.235152
    124          9.214155
    125          9.193182
    126          9.172233
    127          9.151308
    128          9.130406
    129          9.109529
    130          9.088675
    131          9.067845
    132          9.047039
    133          9.026257
    134          9.005499
    135          8.984765
    136          8.964055
    137          8.943369
    138          8.922706
    139          8.902067
    140          8.881453
    141          8.860862
    142          8.840295
    143          8.819752
    144          8.799233
    145          8.778738
    146          8.758266
    147          8.737819
    148          8.717395
    149          8.696996
    150          8.676620
    151          8.656268
    152          8.635940
    153          8.615636
    154          8.595356
    155          8.575100
    156          8.554867
    157          8.534659
    158          8.514474
    159          8.494314
    160          8.474177
    161          8.454064
    162          8.433975
    163          8.413910
    164          8.393868
    165          8.373851
    166          8.353858
    167          8.333888
    168          8.313942
    169          8.294021
    170          8.274123
    171          8.254249
    172          8.234399
    173          8.214573
    174          8.194770
    175          8.174992
    176          8.155237
    177          8.135507
    178          8.115800
    179          8.096117
    180          8.076458
    181          8.056823
    182          8.037212
    183          8.017625
    184          7.998062
    185          7.978522
    186          7.959007
    187          7.939515
    188          7.920047
    189          7.900603
    190          7.881183
    191          7.861787
    192          7.842415
    193          7.823067
    194          7.803743
    195          7.784442
    196          7.765165
    197          7.745913
    198          7.726684
    199          7.707479
    200          7.688298
    201          7.669141
    202          7.650008
    203          7.630898
    204          7.611813
    205          7.592751
    206          7.573714
    207          7.554700
    208          7.535710
    209          7.516744
    210          7.497802
    211          7.478884
    212          7.459989
    213          7.441119
    214          7.422272
    215          7.403450
    216          7.384651
    217          7.365876
    218          7.347125
    219          7.328398
    220          7.309695
    221          7.291016
    222          7.272361
    223          7.253729
    224          7.235122
    225          7.216538
    226          7.197978
    227          7.179442
    228          7.160930
    229          7.142442
    230          7.123978
    231          7.105538
    232          7.087121
    233          7.068729
    234          7.050360
    235          7.032015
    236          7.013695
    237          6.995398
    238          6.977125
    239          6.958875
    240          6.940650
    241          6.922449
    242          6.904271
    243          6.886118
    244          6.867988
    245          6.849882
    246          6.831801
    247          6.813743
    248          6.795708
    249          6.777698
    250          6.759712
    251          6.741750
    252          6.723811
    253          6.705896
    254          6.688006
    255          6.670139
    256          6.652296
    257          6.634477
    258          6.616682
    259          6.598910
    260          6.581163
    261          6.563440
    262          6.545740
    263          6.528064
    264          6.510413
    265          6.492785
    266          6.475181
    267          6.457601
    268          6.440044
    269          6.422512
    270          6.405004
    271          6.387519
    272          6.370059
    273          6.352622
    274          6.335209
    275          6.317820
    276          6.300455
    277          6.283114
    278          6.265797
    279          6.248503
    280          6.231234
    281          6.213988
    282          6.196767
    283          6.179569
    284          6.162395
    285          6.145245
    286          6.128119
    287          6.111017
    288          6.093938
    289          6.076884
    290          6.059853
    291          6.042847
    292          6.025864
    293          6.008905
    294          5.991970
    295          5.975059
    296          5.958172
    297          5.941309
    298          5.924470
    299          5.907654
    300          5.890863
    301          5.874095
    302          5.857351
    303          5.840631
    304          5.823935
    305          5.807263
    306          5.790615
    307          5.773991
    308          5.757390
    309          5.740814
    310          5.724261
    311          5.707732
    312          5.691228
    313          5.674747
    314          5.658290
    315          5.641856
    316          5.625447
    317          5.609062
    318          5.592700
    319          5.576363
    320          5.560049
    321          5.543759
    322          5.527494
    323          5.511252
    324          5.495033
    325          5.478839
    326          5.462669
    327          5.446523
    328          5.430400
    329          5.414301
    330          5.398227
    331          5.382176
    332          5.366149
    333          5.350146
    334          5.334167
    335          5.318212
    336          5.302280
    337          5.286373
    338          5.270489
    339          5.254629
    340          5.238794
    341          5.222982
    342          5.207194
    343          5.191430
    344          5.175690
    345          5.159973
    346          5.144281
    347          5.128612
    348          5.112968
    349          5.097347
    350          5.081750
    351          5.066177
    352          5.050628
    353          5.035103
    354          5.019602
    355          5.004125
    356          4.988671
    357          4.973242
    358          4.957836
    359          4.942454
    360          4.927096
    361          4.911762
    362          4.896452
    363          4.881166
    364          4.865904
    365          4.850665
    366          4.835451
    367          4.820260
    368          4.805094
    369          4.789951
    370          4.774832
    371          4.759737
    372          4.744666
    373          4.729618
    374          4.714595
    375          4.699596
    376          4.684620
    377          4.669668
    378          4.654741
    379          4.639837
    380          4.624957
    381          4.610101
    382          4.595269
    383          4.580460
    384          4.565676
    385          4.550915
    386          4.536179
    387          4.521466
    388          4.506777
    389          4.492112
    390          4.477471
    391          4.462854
    392          4.448261
    393          4.433692
    394          4.419146
    395          4.404625
    396          4.390127
    397          4.375653
    398          4.361204
    399          4.346778
    400          4.332376
    401          4.317997
    402          4.303643
    403          4.289313
    404          4.275006
    405          4.260724
    406          4.246465
    407          4.232230
    408          4.218019
    409          4.203832
    410          4.189669
    411          4.175530
    412          4.161415
    413          4.147323
    414          4.133256
    415          4.119212
    416          4.105192
    417          4.091196
    418          4.077224
    419          4.063276
    420          4.049352
    421          4.035452
    422          4.021576
    423          4.007723
    424          3.993895
    425          3.980090
    426          3.966309
    427          3.952552
    428          3.938819
    429          3.925110
    430          3.911425
    431          3.897764
    432          3.884126
    433          3.870513
    434          3.856923
    435          3.843357
    436          3.829816
    437          3.816298
    438          3.802804
    439          3.789333
    440          3.775887
    441          3.762465
    442          3.749066
    443          3.735692
    444          3.722341
    445          3.709014
    446          3.695712
    447          3.682433
    448          3.669177
    449          3.655946
    450          3.642739
    451          3.629556
    452          3.616396
    453          3.603261
    454          3.590149
    455          3.577061
    456          3.563997
    457          3.550957
    458          3.537941
    459          3.524949
    460          3.511980
    461          3.499036
    462          3.486115
    463          3.473219
    464          3.460346
    465          3.447497
    466          3.434672
    467          3.421871
    468          3.409094
    469          3.396341
    470          3.383611
    471          3.370906
    472          3.358224
    473          3.345567
    474          3.332933
    475          3.320323
    476          3.307737
    477          3.295175
    478          3.282637
    479          3.270122
    480          3.257632
    481          3.245165
    482          3.232723
    483          3.220304
    484          3.207909
    485          3.195538
    486          3.183191
    487          3.170868
    488          3.158569
    489          3.146293
    490          3.134042
    491          3.121814
    492          3.109611
    493          3.097431
    494          3.085275
    495          3.073143
    496          3.061035
    497          3.048951
    498          3.036890
    499          3.024854
    500          3.012842
    501          3.000853
    502          2.988888
    503          2.976947
    504          2.965030
    505          2.953137
    506          2.941268
    507          2.929423
    508          2.917602
    509          2.905804
    510          2.894031
    511          2.882281
    512          2.870555
    513          2.858854
    514          2.847176
    515          2.835521
    516          2.823891
    517          2.812285
    518          2.800703
    519          2.789144
    520          2.777610
    521          2.766099
    522          2.754612
    523          2.743149
    524          2.731710
    525          2.720295
    526          2.708904
    527          2.697537
    528          2.686193
    529          2.674874
    530          2.663578
    531          2.652306
    532          2.641059
    533          2.629835
    534          2.618635
    535          2.607458
    536          2.596306
    537          2.585178
    538          2.574073
    539          2.562993
    540          2.551936
    541          2.540903
    542          2.529895
    543          2.518910
    544          2.507948
    545          2.497011
    546          2.486098
    547          2.475209
    548          2.464343
    549          2.453502
    550          2.442684
    551          2.431890
    552          2.421120
    553          2.410374
    554          2.399652
    555          2.388954
    556          2.378280
    557          2.367629
    558          2.357003
    559          2.346400
    560          2.335821
    561          2.325266
    562          2.314735
    563          2.304228
    564          2.293745
    565          2.283286
    566          2.272851
    567          2.262439
    568          2.252052
    569          2.241688
    570          2.231348
    571          2.221032
    572          2.210740
    573          2.200472
    574          2.190228
    575          2.180008
    576          2.169811
    577          2.159639
    578          2.149490
    579          2.139366
    580          2.129265
    581          2.119188
    582          2.109135
    583          2.099106
    584          2.089101
    585          2.079119
    586          2.069162
    587          2.059228
    588          2.049319
    589          2.039433
    590          2.029571
    591          2.019733
    592          2.009919
    593          2.000129
    594          1.990363
    595          1.980621
    596          1.970902
    597          1.961208
    598          1.951537
    599          1.941890
    600          1.932267
    601          1.922668
    602          1.913093
    603          1.903542
    604          1.894015
    605          1.884511
    606          1.875032
    607          1.865576
    608          1.856145
    609          1.846737
    610          1.837353
    611          1.827993
    612          1.818657
    613          1.809345
    614          1.800056
    615          1.790792
    616          1.781551
    617          1.772335
    618          1.763142
    619          1.753973
    620          1.744828
    621          1.735707
    622          1.726610
    623          1.717537
    624          1.708488
    625          1.699462
    626          1.690461
    627          1.681483
    628          1.672529
    629          1.663599
    630          1.654694
    631          1.645811
    632          1.636953
    633          1.628119
    634          1.619309
    635          1.610522
    636          1.601760
    637          1.593021
    638          1.584306
    639          1.575615
    640          1.566948
    641          1.558305
    642          1.549686
    643          1.541091
    644          1.532519
    645          1.523972
    646          1.515448
    647          1.506949
    648          1.498473
    649          1.490021
    650          1.481593
    651          1.473189
    652          1.464809
    653          1.456452
    654          1.448120
    655          1.439811
    656          1.431527
    657          1.423266
    658          1.415029
    659          1.406816
    660          1.398627
    661          1.390462
    662          1.382321
    663          1.374204
    664          1.366110
    665          1.358041
    666          1.349995
    667          1.341973
    668          1.333976
    669          1.326002
    670          1.318052
    671          1.310125
    672          1.302223
    673          1.294345
    674          1.286490
    675          1.278660
    676          1.270853
    677          1.263070
    678          1.255312
    679          1.247577
    680          1.239865
    681          1.232178
    682          1.224515
    683          1.216876
    684          1.209260
    685          1.201669
    686          1.194101
    687          1.186557
    688          1.179037
    689          1.171541
    690          1.164069
    691          1.156621
    692          1.149197
    693          1.141796
    694          1.134420
    695          1.127067
    696          1.119739
    697          1.112434
    698          1.105153
    699          1.097896
    700          1.090663
    701          1.083454
    702          1.076268
    703          1.069107
    704          1.061969
    705          1.054856
    706          1.047766
    707          1.040700
    708          1.033658
    709          1.026640
    710          1.019646
    711          1.012676
    712          1.005730
    713          0.998807
    714          0.991909
    715          0.985034
    716          0.978184
    717          0.971357
    718          0.964554
    719          0.957775
    720          0.951020
    721          0.944288
    722          0.937581
    723          0.930898
    724          0.924238
    725          0.917603
    726          0.910991
    727          0.904403
    728          0.897839
    729          0.891299
    730          0.884783
    731          0.878291
    732          0.871822
    733          0.865378
    734          0.858957
    735          0.852561
    736          0.846188
    737          0.839839
    738          0.833514
    739          0.827213
    740          0.820936
    741          0.814683
    742          0.808454
    743          0.802248
    744          0.796067
    745          0.789909
    746          0.783775
    747          0.777665
    748          0.771579
    749          0.765517
    750          0.759479
    751          0.753465
    752          0.747475
    753          0.741508
    754          0.735566
    755          0.729647
    756          0.723752
    757          0.717881
    758          0.712035
    759          0.706212
    760          0.700412
    761          0.694637
    762          0.688886
    763          0.683158
    764          0.677455
    765          0.671775
    766          0.666119
    767          0.660488
    768          0.654880
    769          0.649296
    770          0.643736
    771          0.638199
    772          0.632687
    773          0.627199
    774          0.621734
    775          0.616293
    776          0.610877
    777          0.605484
    778          0.600115
    779          0.594770
    780          0.589449
    781          0.584152
    782          0.578878
    783          0.573629
    784          0.568403
    785          0.563202
    786          0.558024
    787          0.552870
    788          0.547740
    789          0.542634
    790          0.537552
    791          0.532494
    792          0.527460
    793          0.522449
    794          0.517463
    795          0.512500
    796          0.507561
    797          0.502646
    798          0.497756
    799          0.492889
    800          0.488045
    801          0.483226
    802          0.478431
    803          0.473660
    804          0.468912
    805          0.464188
    806          0.459489
    807          0.454813
    808          0.450161
    809          0.445533
    810          0.440929
    811          0.436349
    812          0.431793
    813          0.427260
    814          0.422752
    815          0.418267
    816          0.413807
    817          0.409370
    818          0.404957
    819          0.400568
    820          0.396203
    821          0.391862
    822          0.387545
    823          0.383251
    824          0.378982
    825          0.374736
    826          0.370515
    827          0.366317
    828          0.362143
    829          0.357993
    830          0.353867
    831          0.349765
    832          0.345687
    833          0.341632
    834          0.337602
    835          0.333596
    836          0.329613
    837          0.325654
    838          0.321719
    839          0.317809
    840          0.313922
    841          0.310059
    842          0.306219
    843          0.302404
    844          0.298613
    845          0.294845
    846          0.291102
    847          0.287382
    848          0.283686
    849          0.280014
    850          0.276367
    851          0.272742
    852          0.269142
    853          0.265566
    854          0.262014
    855          0.258485
    856          0.254981
    857          0.251500
    858          0.248044
    859          0.244611
    860          0.241202
    861          0.237817
    862          0.234456
    863          0.231119
    864          0.227806
    865          0.224516
    866          0.221251
    867          0.218009
    868          0.214792
    869          0.211598
    870          0.208428
    871          0.205282
    872          0.202160
    873          0.199062
    874          0.195988
    875          0.192938
    876          0.189911
    877          0.186909
    878          0.183930
    879          0.180975
    880          0.178045
    881          0.175138
    882          0.172255
    883          0.169396
    884          0.166561
    885          0.163750
    886          0.160962
    887          0.158199
    888          0.155460
    889          0.152744
    890          0.150052
    891          0.147385
    892          0.144741
    893          0.142121
    894          0.139525
    895          0.136953
    896          0.134405
    897          0.131880
    898          0.129380
    899          0.126903
    900          0.124451
    901          0.122022
    902          0.119618
    903          0.117237
    904          0.114880
    905          0.112547
    906          0.110238
    907          0.107953
    908          0.105691
    909          0.103454
    910          0.101241
    911          0.099051
    912          0.096885
    913          0.094744
    914          0.092626
    915          0.090532
    916          0.088462
    917          0.086416
    918          0.084394
    919          0.082396
    920          0.080422
    921          0.078471
    922          0.076545
    923          0.074642
    924          0.072764
    925          0.070909
    926          0.069078
    927          0.067271
    928          0.065488
    929          0.063729
    930          0.061994
    931          0.060283
    932          0.058596
    933          0.056933
    934          0.055293
    935          0.053678
    936          0.052086
    937          0.050518
    938          0.048975
    939          0.047455
    940          0.045959
    941          0.044487
    942          0.043039
    943          0.041615
    944          0.040215
    945          0.038839
    946          0.037486
    947          0.036158
    948          0.034853
    949          0.033573
    950          0.032316
    951          0.031083
    952          0.029875
    953          0.028690
    954          0.027529
    955          0.026392
    956          0.025279
    957          0.024190
    958          0.023125
    959          0.022084
    960          0.021066
    961          0.020073
    962          0.019104
    963          0.018158
    964          0.017237
    965          0.016339
    966          0.015465
    967          0.014616
    968          0.013790
    969          0.012988
    970          0.012210
    971          0.011457
    972          0.010727
    973          0.010021
    974          0.009339
    975          0.008681
    976          0.008047
    977          0.007437
    978          0.006850
    979          0.006288
    980          0.005750
    981          0.005236
    982          0.004746
    983          0.004280
    984          0.003837
    985          0.003419
    986          0.003025
    987          0.002655
    988          0.002309
    989          0.001986
    990          0.001688
    991          0.001414
    992          0.001164
    993          0.000939
    994          0.000737
    995          0.000559
    996          0.000406
    997          0.000277
    998          0.000172
    999          0.000091
   1000          0.000036
   1001          0.000005

Time to empty the tank: 1001 minutes 30 seconds